 0 16 0 0
 1 76 0 0
 2 152 0 0
 3 283 7 1 
 4 374 11 3
 5 528 14 40
 6 888 21 46
 7 1128 29 50
 8 1577 34 83
 9 2036 52 149
10 2502 79 160
11 3089 107 276
12 3858 148 414
13 4636 197 523
14 5883 233 589
15 7375 366 622
16 9172 463 724
17 10149 631 1004
18 12462 827 1045
19 15113 1016 1258
20 17660 1266 1439
21 21157 1441 1966
22 24747 1809 2335
23 27980 2158 2749
24 31506 2503 2941
25 35713 2978 4025
26 41035 3405 4440
27 47021 4032 5129
28 53578 4825 6072
29 59138 5476 7024
30 63927 6077 7432
31 69176 6820 8326
32 74386 7503 9362
33 80539 8165 10361
34 86498 9134 10950
35 92472 10023 12384
36 97689 10779 13030
37 101739 11591 14620
38 105792 12428 15729
39 110574 13155 16847
40 115242 13915 18278
41 119827 14681 19758
42 124632 15362 20996
43 128948 15887 21815
44 132547 16523 22837
45 135586 17127 24392
46 139422 17669 26491
47 143626 18279 28470
48 147577 18849 30455
49 152271 19468 32534
50 156363 19899 34211
51 159516 20465 35435
52 162488 21067 37130
53 165155 21645 38092
54 168941 22170 40164
55 172434 22745 42727
56 175925 23227 44927
57 178972 23660 47055
58 181228 24114 48877
59 183957 24648 51600
60 187327 25085 54543
61 189973 25549 57576
62 192994 25969 60498
63 195351 26384 63120
64 197675 26644 64928
65 199414 26977 66624
66 201505 27359 68941
67 203591 27682 71252
68 205463 27967 75945
69 207428 28236 78249
70 209328 28710 79914
71 210717 28884 81654
72 211938 29079 82879
